000111000000000000000000010010
001000111000100000000000000000
010010100000100000000000000100
100001010000010000000000000000
101000100000000000001000010000
100100000000010010000000000000
011010000001100000000000000000
010100001011000000000000000000
010000010010000000010000000000
000000000000011100100000001000
000000011000000000010100000000
000000110000000000000000000010
011000100000000000000000000000
000101000100000100000000100000
000000000100000111000001000000
000000000100011010000000001000
000001000000001101001000000000
000000000000001010011001000000
000000000100000000000001000001
000000001010000001000100000100
000010000000000011000000010000
000000000010000000010010000000
000000000000000000000100000000
000000000000001001100000000001
000000000000010000000000000000
100010000000000000001000000000
000000000100000100000000000000
001000000000000000010000000000
100000000001000000000000000000
000000000000000000100001000000
